1 2 1304.4
1 3 2785
1 7 2588.3
1 8 2540.9
1 14 1901.5
2 1 1304.4
2 3 1480.6
2 7 2337.1
2 8 2202.5
2 14 1563.1
3 1 2785
3 2 1480.6
3 7 3817.6
3 8 3683.1
3 14 3043.7
4 5 356.3
4 6 1717.2
4 7 2057.1
4 8 2302.2
4 9 57
4 10 1858.5
4 11 2696.6
4 18 2741.4
4 19 2009.6
5 4 356.3
5 6 1431.6
5 7 1771.6
5 8 1945.9
5 9 413.3
5 10 1213.7
5 11 2035.8
5 18 2080.6
5 19 1653.3
6 4 1717.2
6 5 1431.6
6 7 340
6 8 815.1
6 9 1774.2
6 10 2645.3
6 11 4532.9
6 18 4423.9
6 19 2093.3
7 1 2588.3
7 2 2337.1
7 3 3817.6
7 4 2057.1
7 5 1771.6
7 6 340
7 8 475.1
7 9 2114.2
7 10 2456.6
7 11 4193
7 14 1536.1
7 18 4083.9
7 19 1753.3
8 1 2540.9
8 2 2202.5
8 3 3683.1
8 4 2302.2
8 5 1945.9
8 6 815.1
8 7 475.1
8 9 2359.2
8 10 1981.5
8 11 3717.9
8 14 1401.6
8 18 3608.8
8 19 1278.2
9 4 57
9 5 413.3
9 6 1774.2
9 7 2114.2
9 8 2359.2
9 10 1801.5
9 11 2639.6
9 12 1943.7
9 13 1866.6
9 18 2684.4
9 19 2066.6
9 23 2525.2
10 4 1858.5
10 5 1213.7
10 6 2645.3
10 7 2456.6
10 8 1981.5
10 9 1801.5
10 11 933.4
10 12 2149.3
10 13 2227.8
10 18 978.3
10 19 1688.9
10 23 1164.8
11 4 2696.6
11 5 2035.8
11 6 4532.9
11 7 4193
11 8 3717.9
11 9 2639.6
11 10 837.7
11 12 2987.4
11 13 2451.8
11 18 109.1
11 19 2439.6
11 23 231.4
12 9 1943.7
12 10 2149.3
12 11 2987.4
12 13 1909.5
12 23 2873
13 9 1866.6
13 10 2227.8
13 11 2451.8
13 12 1909.5
13 23 2220.4
14 1 1901.5
14 2 1563.1
14 3 3043.7
14 7 1536.1
14 8 1401.6
14 15 3301.9
14 16 3266
14 17 3487.8
14 20 311.1
14 21 1440.9
14 22 1821.1
14 27 1981.5
14 28 1952.9
14 29 1988.7
14 30 2241.2
14 31 2211.3
14 32 2428.5
14 33 2969.3
14 34 3365.2
15 14 3301.9
15 16 1852.4
15 17 2074.1
15 20 2990.8
15 21 1861.1
15 22 1911.3
15 27 2071.7
15 28 1870.4
15 29 1834.6
15 30 1879
15 31 1849.1
15 32 2066.3
15 33 1555.6
15 34 1951.5
16 14 3266
16 15 1852.4
16 17 1714.8
16 20 2954.9
16 21 1825.2
16 22 1657.2
16 27 1804.6
16 28 1588.9
16 29 1553.2
16 30 1597.5
16 31 1567.7
16 32 1784.8
16 33 1196.3
16 34 1592.2
17 14 3487.8
17 15 2074.1
17 16 1714.8
17 20 3176.7
17 21 2046.9
17 22 1879
17 27 2026.4
17 28 1810.7
17 29 1774.9
17 30 1819.3
17 31 1789.4
17 32 2006.6
17 33 518.5
17 34 122.6
18 4 2741.4
18 5 2080.6
18 6 4423.9
18 7 4083.9
18 8 3608.8
18 9 2684.4
18 10 882.6
18 11 109.1
18 19 2330.6
18 20 2335.4
18 21 2221.2
18 22 2601.5
18 24 1535.1
18 39 1860.6
18 40 2163.1
19 4 2009.6
19 5 1653.3
19 6 2093.3
19 7 1753.3
19 8 1278.2
19 9 2066.6
19 10 1688.9
19 11 2439.6
19 18 2330.6
19 20 678.5
19 21 1124.9
19 22 1505.2
19 24 2113.7
19 39 2439.1
19 40 2709.4
20 14 311.1
20 15 2990.8
20 16 2954.9
20 17 3176.7
20 18 2335.4
20 19 678.5
20 21 1129.8
20 22 1510
20 24 2118.5
20 27 1670.4
20 28 1641.8
20 29 1677.6
20 30 1930.1
20 31 1900.2
20 32 2117.4
20 33 2658.2
20 34 3054.1
20 39 2443.9
20 40 2714.2
21 14 1440.9
21 15 1861.1
21 16 1825.2
21 17 2046.9
21 18 2221.2
21 19 1124.9
21 20 1129.8
21 22 380.2
21 24 2004.3
21 27 540.6
21 28 512.1
21 29 547.8
21 30 800.3
21 31 770.4
21 32 987.6
21 33 1528.4
21 34 1924.4
21 39 1886.9
21 40 1584.4
22 14 1821.1
22 15 1911.3
22 16 1657.2
22 17 1879
22 18 2601.5
22 19 1505.2
22 20 1510
22 21 380.2
22 24 1948.7
22 27 261
22 28 288.8
22 29 324.6
22 30 562.7
22 31 602.5
22 32 819.7
22 33 1360.5
22 34 1756.4
22 39 1506.7
22 40 1204.2
23 9 2525.2
23 10 1069.1
23 11 231.4
23 12 2873
23 13 2220.4
23 24 1875.6
23 25 1380.8
23 26 3596
23 44 3653.7
23 45 2637.1
23 46 2192.8
24 18 1535.1
24 19 2113.7
24 20 2118.5
24 21 2004.3
24 22 1948.7
24 23 1540.8
24 25 2332.2
24 26 1720.4
24 39 442
24 40 744.5
24 44 1778.1
24 45 761.5
24 46 317.2
25 23 1380.8
25 24 2332.2
25 26 2709.1
25 44 3038
25 45 3093.7
25 46 2649.5
26 23 3261.2
26 24 1720.4
26 25 2709.1
26 44 328.8
26 45 958.9
26 46 1403.2
27 14 1981.5
27 15 2071.7
27 16 1817.7
27 17 2039.4
27 20 1670.4
27 21 540.6
27 22 261
27 28 215.7
27 29 251.5
27 30 489.6
27 31 536.4
27 32 830.7
27 33 1520.9
27 34 1916.8
27 35 2251.4
27 36 1904.4
27 37 2003.9
27 38 2833
27 41 10
27 42 464.3
27 43 924.7
27 50 2969.1
28 14 1952.9
28 15 1870.4
28 16 1588.9
28 17 1810.7
28 20 1641.8
28 21 512.1
28 22 288.8
28 27 215.7
28 29 35.8
28 30 273.9
28 31 320.7
28 32 615
28 33 1292.2
28 34 1688.1
28 35 2022.7
28 36 1688.7
28 37 1788.2
28 38 2617.3
28 41 225.6
28 42 248.6
28 43 709
28 50 2753.4
29 14 1988.7
29 15 1834.6
29 16 1553.2
29 17 1774.9
29 20 1677.6
29 21 547.8
29 22 324.6
29 27 251.5
29 28 35.8
29 30 272.2
29 31 319
29 32 613.3
29 33 1256.4
29 34 1652.3
29 35 1986.9
29 36 1686.9
29 37 1786.5
29 38 2615.5
29 41 261.4
29 42 246.9
29 43 707.2
29 50 2751.6
30 14 2241.2
30 15 1879
30 16 1597.5
30 17 1819.3
30 20 1930.1
30 21 800.3
30 22 562.7
30 27 489.6
30 28 273.9
30 29 272.2
30 31 46.8
30 32 341.1
30 33 1300.8
30 34 1696.7
30 35 2031.3
30 36 1414.8
30 37 1514.3
30 38 2343.4
30 41 499.6
30 42 485
30 43 834.5
30 50 2479.5
31 14 2211.3
31 15 1849.1
31 16 1567.7
31 17 1789.4
31 20 1900.2
31 21 770.4
31 22 602.5
31 27 536.4
31 28 320.7
31 29 319
31 30 46.8
31 32 311.2
31 33 1270.9
31 34 1666.9
31 35 2001.4
31 36 1384.9
31 37 1484.5
31 38 2313.5
31 41 546.4
31 42 531.8
31 43 787.7
31 50 2449.6
32 14 2428.5
32 15 2066.3
32 16 1784.8
32 17 2006.6
32 20 2117.4
32 21 987.6
32 22 819.7
32 27 830.7
32 28 615
32 29 613.2
32 30 341.1
32 31 311.2
32 33 1488.1
32 34 1884
32 35 1976.3
32 36 1073.7
32 37 1173.2
32 38 2002.3
32 41 840.6
32 42 826.1
32 43 1098.9
32 50 2138.4
33 14 2969.3
33 15 1555.6
33 16 1196.3
33 17 518.5
33 20 2658.2
33 21 1528.4
33 22 1360.5
33 27 1507.9
33 28 1292.2
33 29 1256.4
33 30 1300.8
33 31 1270.9
33 32 1488.1
33 34 395.9
33 35 730.5
33 36 1633
33 37 1978.9
33 38 2807.9
33 41 1517.9
33 42 1503.3
33 43 2058.7
33 50 2944
34 14 3365.2
34 15 1951.5
34 16 1592.2
34 17 122.6
34 20 3054.1
34 21 1924.4
34 22 1756.4
34 27 1903.8
34 28 1688.1
34 29 1652.3
34 30 1696.7
34 31 1666.9
34 32 1884
34 33 395.9
34 35 527.3
34 36 1429.9
34 37 1775.7
34 38 2604.8
34 41 1913.8
34 42 1899.2
34 43 2454.6
34 50 2740.9
35 27 2238.4
35 28 2022.7
35 29 1986.9
35 30 2031.3
35 31 2001.4
35 32 1976.3
35 33 730.5
35 34 527.3
35 36 902.6
35 37 1248.5
35 38 2077.5
35 41 2248.3
35 42 2233.8
35 43 2962.5
35 50 2213.6
36 27 1904.4
36 28 1688.7
36 29 1686.9
36 30 1414.8
36 31 1384.9
36 32 1073.7
36 33 1633
36 34 1429.9
36 35 902.6
36 37 345.9
36 38 1174.9
36 41 1914.3
36 42 1899.8
36 43 2060
36 50 1311
37 27 2003.9
37 28 1788.2
37 29 1786.5
37 30 1514.3
37 31 1484.5
37 32 1173.2
37 33 1978.9
37 34 1775.7
37 35 1248.5
37 36 345.9
37 38 829
37 41 2013.9
37 42 1999.3
37 43 2159.5
37 50 965.1
38 27 2833
38 28 2617.3
38 29 2615.5
38 30 2343.4
38 31 2313.5
38 32 2002.3
38 33 2807.9
38 34 2604.8
38 35 2077.5
38 36 1174.9
38 37 829
38 41 2842.9
38 42 2828.4
38 43 2988.6
38 50 136.1
39 18 1860.6
39 19 2439.1
39 20 2443.9
39 21 1886.9
39 22 1506.7
39 24 442
39 40 302.5
39 41 1777.7
39 42 2044.1
39 43 2504.5
39 47 702.5
39 48 1284.5
39 51 1606.4
39 52 1706.9
39 53 1688.7
39 54 3128.8
40 18 2163.1
40 19 2741.6
40 20 2746.4
40 21 1584.4
40 22 1204.2
40 24 744.5
40 39 302.5
40 41 1475.2
40 42 1741.6
40 43 2202
40 47 749.6
40 48 1331.5
40 51 1653.5
40 52 1753.9
40 53 1735.7
40 54 3484.8
41 27 10
41 28 225.6
41 29 261.4
41 30 499.6
41 31 546.4
41 32 840.6
41 33 1530.9
41 34 1926.8
41 35 2261.3
41 36 1914.3
41 37 2013.9
41 38 2842.9
41 39 1777.7
41 40 1475.2
41 42 474.3
41 43 934.6
41 47 2224.7
41 48 2806.7
41 50 2979
41 51 2443.8
41 52 2286.6
41 53 2268.3
41 54 2217.5
42 27 464.3
42 28 248.6
42 29 246.9
42 30 485
42 31 531.8
42 32 826.1
42 33 1503.3
42 34 1899.2
42 35 2233.8
42 36 1899.8
42 37 1999.3
42 38 2828.4
42 39 2044.1
42 40 1741.6
42 41 474.3
42 43 920
42 47 2491.2
42 48 2284.7
42 50 2964.5
42 51 1969.6
42 52 1812.3
42 53 1794
42 54 2202.9
43 27 924.7
43 28 709
43 29 707.2
43 30 847.1
43 31 800.3
43 32 1111.5
43 33 2071.2
43 34 2467.1
43 35 2801.7
43 36 2060
43 37 2159.5
43 38 2988.6
43 39 2504.5
43 40 2202
43 41 934.6
43 42 920
43 47 2951.5
43 48 3533.5
43 50 3124.7
43 51 2718.9
43 52 2732.3
43 53 2723
43 54 1282.8
44 23 3318.9
44 24 1778.1
44 25 3038
44 26 328.8
44 45 1016.6
44 46 1460.9
44 47 2099
44 48 2755.5
44 49 976.4
44 55 1851.2
44 56 1847
44 57 1920.6
44 58 2073
44 59 2131.2
44 60 2172
44 61 2377.9
45 23 2302.3
45 24 761.5
45 25 3093.7
45 26 958.9
45 44 1016.6
45 46 444.3
45 47 1906.1
45 48 2488
45 49 1992.9
45 55 2867.8
45 56 2863.6
45 57 2937.2
45 58 3089.6
45 59 3147.8
45 60 3188.6
45 61 3094.9
46 23 1858
46 24 317.2
46 25 2649.5
46 26 1403.2
46 44 1460.9
46 45 444.3
46 47 1461.8
46 48 2043.7
46 49 2437.2
46 55 3053.3
46 56 3049.2
46 57 2933.7
46 58 2887.9
46 59 2784.8
46 60 2780.8
46 61 2650.6
47 39 702.5
47 40 749.6
47 41 2224.7
47 42 2491.2
47 43 2951.5
47 44 2099
47 45 1906.1
47 46 1461.8
47 48 796.7
47 49 1844.3
47 51 1118.7
47 52 1219.2
47 53 1200.9
47 54 2641.1
47 55 1591.6
47 56 1587.4
47 57 1661
47 58 1640.9
47 59 1537.8
47 60 1533.8
47 61 1403.6
48 39 1284.5
48 40 1331.5
48 41 2806.7
48 42 2284.7
48 43 3533.5
48 44 2755.5
48 45 2488
48 46 2043.7
48 47 796.7
48 49 2500.8
48 51 544.5
48 52 658.8
48 53 640.6
48 54 2469.1
48 55 927.4
48 56 923.2
48 57 890
48 58 844.1
48 59 741.1
48 60 737
48 61 606.9
49 44 976.4
49 45 1992.9
49 46 2437.2
49 47 1844.3
49 48 2500.8
49 55 1596.4
49 56 1592.3
49 57 1665.8
49 58 1818.2
49 59 1876.5
49 60 1917.3
49 61 2123.1
50 27 2969.1
50 28 2753.4
50 29 2751.6
50 30 2479.5
50 31 2449.6
50 32 2138.4
50 33 2944
50 34 2740.9
50 35 2213.6
50 36 1311
50 37 965.1
50 38 136.1
50 41 2979
50 42 2964.5
50 43 3124.7
51 39 1606.4
51 40 1653.5
51 41 2443.8
51 42 1969.6
51 43 2718.9
51 47 1118.7
51 48 544.5
51 52 157.3
51 53 291.3
51 54 1436.1
52 39 1706.9
52 40 1753.9
52 41 2286.6
52 42 1812.3
52 43 2732.3
52 47 1219.2
52 48 658.8
52 51 157.3
52 53 134.1
52 54 1574.2
53 39 1688.7
53 40 1735.7
53 41 2268.3
53 42 1794
53 43 2723
53 47 1200.9
53 48 640.6
53 51 291.3
53 52 134.1
53 54 1440.2
54 39 3128.8
54 40 3484.8
54 41 2217.5
54 42 2202.9
54 43 1282.8
54 47 2641.1
54 48 2469.1
54 51 1436.1
54 52 1448.4
54 53 1440.2
55 44 1851.2
55 45 2867.8
55 46 3053.3
55 47 1591.6
55 48 927.4
55 49 1596.4
55 56 18.8
55 57 92.4
55 58 205.2
55 59 303
55 60 307.1
55 61 512.9
56 44 1847
56 45 2863.6
56 46 3049.2
56 47 1587.4
56 48 923.2
56 49 1592.3
56 55 18.8
56 57 88.2
56 58 226
56 59 326
56 60 325
56 61 530.9
57 44 1980.1
57 45 2996.7
57 46 2933.7
57 47 1720.5
57 48 890
57 49 1725.4
57 55 92.4
57 56 133.1
57 58 167.8
57 59 265.7
57 60 269.7
57 61 475.6
58 44 2073
58 45 3089.6
58 46 2887.9
58 47 1640.9
58 48 844.1
58 49 1818.2
58 55 244.8
58 56 226
58 57 204.8
58 59 219.8
58 60 223.9
58 61 429.7
59 44 2173.1
59 45 3189.6
59 46 2784.8
59 47 1537.8
59 48 741.1
59 49 1918.3
59 55 303
59 56 326
59 57 304.9
59 58 221.7
59 60 4
59 61 209.9
60 44 2172
60 45 3188.6
60 46 2780.8
60 47 1533.8
60 48 737
60 49 1917.3
60 55 307.1
60 56 325
60 57 303.8
60 58 220.6
60 59 4
60 61 205.9
61 44 2316.8
61 45 3094.9
61 46 2650.6
61 47 1403.6
61 48 606.9
61 49 2062.1
61 55 509.2
61 56 469.8
61 57 448.6
61 58 365.5
61 59 209.9
61 60 205.9
